CAB39121.2	4
AAN35610.1	2	9
CAD48966.1	1	2	3	4	5	6	7
CAG24991.1	1	2	3	4	5	6	7
CAX64009.1	2	9
CAX64411.1	1	4	5
CAB39059.1	1	2	3	4	5	6	7
AAC71803.3	1	2	3	4	5	6	7
CAD49099.1	1	2	3	4	5	6	7
CAX64011.1	1	2	3	4	5	6	7
CAX64414.1	1	2	3	4	5	6	7
AAN37379.1	1	2	3	4	5	6	7
AAN37383.1	1	2	3	4	5	6	7
CAB39117.1	1	2	3	4	5	6	7
AAN36606.2	1	2	3	4	5	6	7
CAD49117.1	1	2	4	5	9
CAD48978.1	1	2	3	4	5	6	7
CAD49290.1	1	2	4	5	9
AAN36085.1	1	2	3	4	5	6	7
AAN36604.1	1	2	3	4	5	6	7
CAG25131.2	1	2	3	4	5	6	7
CAX64006.1	1	2	3	4	5	6	7
AAN36621.1	1	2	3	4	5	6	7	8
AAN36609.1	1	2	3	4	5	6	7
CAD51059.1	1	2	3	4	5	6	7
CAD51695.1	1	2	3	4	5	6	7
CAD52151.1	1	2	3	4	5	6	7
AAN35592.1	1	2	3	4	5	6	7
CAX64015.1	1	2	4	5	9
AAC71795.1	1	2	3	4	5	6	7
CAD51702.1	1	2	3	4	5	6	7
AAC71991.3	1	2	3	4	5	6	7
AAC71980.3	1	2	4	5	9
CAX64184.1	1	2	3	5	6	7
