PF3D7_003137_rna-1	1	3	4	5	6	7
PF3D7_005361_rna-1	1	3	4	5	6	7
PF3D7_004535_rna-1	1	2	4	5	9
PF3D7_006108_rna-1	1	2	4	5	9
PF3D7_004568_rna-1	2	9
PF3D7_004565_rna-1	1	3	4	5	6	7
PF3D7_002546_rna-1	2	9
PF3D7_002509_rna-1	1	1	1	2	2	3	3	3	4	4	4	5	5	5	6	6	6	7	7	7
PF3D7_006137_rna-1	1	2	3	4	5	6	7
PF3D7_005179_rna-1	1	2	3	4	5	6	7
PF3D7_006872_rna-1	2
PF3D7_005397_rna-1	2	9
PF3D7_004542_rna-1	1	2	3	4	5	6	7
PF3D7_004540_rna-1	1	3	4	5	6	7	9
PF3D7_001829_rna-1	1	2	4	5	9
PF3D7_006430_rna-1	1	2	3	4	5	6	7
PF3D7_006142_rna-1	4
PF3D7_005826_rna-1	1	2	4	5	9
PF3D7_006684_rna-1	1	2	4	5	9
PF3D7_001830_rna-1	1	2	3	4	5	6	7
PF3D7_006734_rna-1	1	2	3	4	5	6	7
PF3D7_006885_rna-1	1	2	3	4	5	6	7
PF3D7_000002_rna-1	1	2	3	4	5	6	7	8
PF3D7_000971_rna-1	1	2	3	4	5	7
PF3D7_003680_rna-1	1	2	3	4	5	6	7
PF3D7_005812_rna-1	1	2	4	5	6
PF3D7_006455_rna-1	1	2	3	4	5	6	7
