AAN35205.2	1	2	3	5	6	7	9
AAC71993.1	1	2	4	6	8	9	10
AAN35602.1	1	2	3	4	5
CAD49100.1	1	2	3	4	5	6
AAN35203.1	1	2	4	5	6	8	9	10
AAN36092.1	1	2	4	5	8	9	10
AAN36616.2	1	2	3	4	5	7	8	9	10
CAD48966.1	4
AAN35600.1	1	2	3	4	7	9
AAN36614.1	1	2	3	4	5	9
CAD51688.1	1	2	3	4	5	7	8	9
CAB39058.1	1	2	4	10
CAG25133.1	1	2	3	4
AAN37379.1	4
AAC71995.1	1	2	3	4	5
AAC71801.1	1	2	4	5	7	10
CAG25139.1	1	2	3	4	5	7	8	9
AAN37380.2	1	2	4	5	8	9	10
CAD49248.1	1	3	4	5
AAN37382.1	1	2	4	8	9	10
CAB39116.1	1	2	3	4	5	6
AAN36607.1	1	2	3	4	5	7	9
CAD48979.1	1	2	4	5	8	9	10
CAG25130.1	1	2	8	9	10
CAD49169.1	1	2	3	4	5	6
CAD52146.1	1	2	3	4	5	6
AAC71988.1	1	2	4	10
CAB39119.1	1	2	3	4	5	7
AAN35606.1	1	2	3	4	5	6
AAN36605.1	1	2	3	4	5
CAG25132.1	1	2	3	4	5	7	8	9
CAX64183.1	1	2	3	4	5	7	9
CAD52144.1	1	2	3	4	5	7	9
CAG25178.1	1	2	3	4	5	7	7	9
CAD51062.1	1	2	3	4	5	7
AAN36094.1	1	2	3	4	5	7	9
CAX64420.1	1	2	3	4	5	7	8	9
CAD51699.1	1	2	3	4	5	7	8	9
AAC71991.3	4
CAD51371.1	1	2	4	5	6	10
CAX64080.1	1	2	4	5	7	8	10
CAD49119.1	1	3
CAD49095.1	1	2	3	4	5	7	8	9	10
CAG25176.1	1	2	3	4	5	7	8	9	10
CAD49103.1	1	2	3	4	5	7	8
CAB89216.1	1	2	3	4	5
CAX64186.1	1	2	3	4	5
CAD51370.1	1	2	3	4	7	9	10
CAB39121.2	4
AAN35592.1	4
CAD49097.1	1	2	3	4	5	7	8	9
CAG25134.1	1	2	3	4	5	6	8	9
CAG24992.1	1	2	3	4	5
CAD51691.1	1	2	4	5	6	7	8	9	10
CAD48964.1	1	2	3	4	5	7	9
AAC71802.3	1	2	3	4	5
CAG25136.1	1	2	3	4	5	7	8	9
CAB89210.1	1	2	3	4	5
CAD51689.1	1	2	4	7	8	9	10
AAN36091.1	1	2	3	4	5	7	8	9
AAN35615.1	1	2	4	5	6	7	8	9	10
CAX64417.1	1	2	3	4	5
CAB39117.1	4
CAB89212.1	1	2	3	4	5	7	8	9
CAD50878.1	1	2	3	4	5
AAN35616.1	1	2	3	4	5
AAN36606.2	4
CAD51067.1	1	2	3	4	5
AAN35598.1	1	4	5	7	10
CAD51061.1	1	2	3	4	5	7	9
AAN36604.1	4
AAN35614.1	1	2	3	4	5	7	9
CAD51701.1	1	2	3	4	5	7	8	9
CAD48976.1	1	2	3	4	5	6	7	9
CAD52147.1	1	2	3	4	5
AAC71989.1	1	2	3	4	5	7
AAN35590.1	1	2	3	4	5
AAN35607.1	1	2	3	4	5
CAD51063.1	1	2	3	4	5	7	8	9
CAD48958.1	1	4	5	6	7	10
AAN36086.2	1	2	3	4	5	7	8	9
AAC71990.1	1	2	4	8	9	10
CAG25174.1	1	2	3	4	5	7	8
CAB89214.1	1	2	4	7	8	10
AAN36613.1	1	2	4	5	8	9	10
CAD51284.1	1	2	3	4	5
AAC71992.3	1	2	3	4	5
CAB89217.1	1	2	3	4	5	9
CAD51285.1	1	2	3	5	7	9
CAD49106.1	1	2
CAX64078.1	1	2	3	4	5	7	9
CAX64174.1	1	2	3	4	5	7	8	9	10
CAD51693.1	1	2	3	4	5	7	8	9
CAG25131.2	4
AAC71793.1	1	2	3	4	5
CAX64004.1	1	2	3	4	5	7	8	9
CAG25135.1	1	2	4	5	8	10
CAD49098.1	1	2	3	4	5	7	9
CAB39120.1	1	3	4	5
CAD51684.1	1	2	4	5	7	10
CAX64412.1	1	7	10
CAD49104.1	1	2	3	4	5
CAD51700.1	1	2	3	4	5
CAD48965.1	1	2	4	5	7	8	9	10
AAN36599.1	1	2	3	4	5
CAX64419.1	1	2	4	6	7	8	10
AAN36084.1	1	2	4	5	10
CAX64413.1	1	2	3	4	5	6	9
CAX64002.1	1	2	3	4	5
CAX64416.1	1	2	3	4	5
CAD52049.1	1	2	3	4	5	7	8	9
AAN35596.1	1	2	4	10
AAN35599.1	1	2	4	5	7	10
CAB39060.1	1	2	3	4	5	7	8	9
AAC71798.1	1	2	3	4	5	7	10
AAN35594.1	1	2	4	5	6	7	8	9	10
CAD51697.1	1	3	4	5	7	9
CAD52148.1	1	2	4	6	7	8	9	10
CAX64007.1	1	2	4	10
CAD50791.1	1	2	3	4
AAN35591.1	1	2	4	5	10
AAN35204.1	1	2	3	4	5	7	8	9
AAC71797.3	1	2	3	4	7	8	9
CAD49102.1	1	2	3	4	5	7	8	9
AAN36618.1	1	2	3	4	5
AAN36617.1	1	2	4	5	7	8	9	10
AAN35608.1	1	2	3	4	5
CAD49246.1	1	2	4	5	8	9	10
AAN36610.1	1	2	3	4	5
AAC71803.3	4
CAX64185.1	1	2	3	4	5
CAD49294.1	1	2	3	4	5	6
AAN36611.1	1	2	3	4	5
CAD51360.1	1	2	3	4	5	7	8	9
AAN36620.1	1	2	3	4	5	7	8	9
CAX64005.1	1	2	3	4	5	6	7	9
CAB39057.1	1	2	3	4	5
CAX64010.1	1	2	3	4	5
CAD51692.1	1	2	3	4	5	7	8
AAN35202.2	1	2	3	4	5	7	8	9
CAD52051.1	1	2	3	4	5	7	8	9
CAB39059.1	4
AAN36619.1	1	2	4	5	10
CAD49292.1	1	2	3	4	5
AAN35601.1	1	2	4	5	6	8	9	10
AAN37381.1	1	2	3	4	5	7	9
AAN37378.1	1	2	4	7	8	10
CAD52047.1	1	2	3	4	5	9
CAD52048.1	1	2	4	6	7	8	10
AAN36087.1	1	2	3	4	5
AAN35206.1	1	2	4	7	8	9	10
AAN36603.1	1	2	4	5	8	9	10
CAX64003.1	1	2	4	5	6	7	8	9	10
AAN36088.1	1	2	3	4	5	6
CAD49168.1	1	2	3	4	5
CAX51180.1	1	2	3	4	5	7	9
CAD51690.1	1	2	3	4	5
AAN37384.1	1	2	3	4	5	6
CAB39118.1	1	2	4	5	7	8	10
AAN35597.1	1	2	3	4	5	8	9	10
CAD48978.1	4
CAD51696.1	1	2	4	5	10
CAD52149.1	1	2	3	4	5	7	8
CAD52151.1	4
CAD48968.1	1	2	3	4	5	7	8	9
AAN35595.1	1	2	3	4	5	9
CAD51059.1	4
AAN36085.1	4
AAN35593.1	1	2	3	4	5	7	9
AAC71796.1	1	2	3	4	5	7	9
AAN36608.1	1	4	10
CAD49101.1	1	2	4	5	6	10
AAC71980.3	4
CAD51359.1	1	2	3	4	5	7	8	9
AAN36622.1	1	2	4	5	7	10
